<<<<<<< HEAD
637982019
653924750
669408248
679978971
685332126
691132185
711912555
753182837
753412409
763770086
794756707
796017691
834572691
847598747
869583317
878695620
882962168
883183932
883360049
883621726
883830732
884344570
884462776
885134897
885924464
886443654
887264504
888309173
888401437
888706998
888749005
888890016
889215397
890097774
890101444
890121635
890214971
890216466
890219785
890237446
890297525
890351328
890407556
890456803
890463425
890463509
=======
887264504
888309173
885134897
878695620
890463509
890463425
890456803
883360049
882962168
888749005
691132185
890351328
869583317
794756707
753182837
796017691
669408248
889215397
884344570
888706998
886443654
890237446
883830732
890219785
796017691
832841368
691132185
890216466
890214971
888401437
883183932
885924464
869583317
890101444
890097774
888484282
890073193
875814995
890097774
753412409
890055437
725222878
890006213
883075672
874145819
884025268
549066306
887264504
889978470
880801166
>>>>>>> 56d3125ba4c3791f2eabb71f6765f419e42ee990
